2.227800000000000049e-04
2.275500000000000016e-04
1.957499999999999876e-04
1.989299999999999944e-04
1.846200000000000044e-04
1.766700000000000009e-04
1.750800000000000110e-04
1.544100000000000073e-04
1.496400000000000106e-04
1.321499999999999867e-04
1.242000000000000103e-04
1.098900000000000067e-04
7.808800000000000181e-05
9.398799999999999527e-05
9.875800000000000550e-05
8.126799999999999508e-05
7.808800000000000181e-05
7.331800000000000513e-05
7.331800000000000513e-05
6.854799999999999489e-05
9.239800000000000541e-05
6.695800000000000504e-05
7.967800000000000522e-05
8.762799999999999517e-05
8.126799999999999508e-05
8.444800000000000190e-05
1.114799999999999965e-04
1.083000000000000033e-04
1.210200000000000034e-04
1.210200000000000034e-04
1.051199999999999964e-04
1.321499999999999867e-04
1.480499999999999937e-04
1.623600000000000108e-04
1.607699999999999939e-04
1.480499999999999937e-04
1.512300000000000005e-04
1.639500000000000007e-04
1.925700000000000079e-04
2.227800000000000049e-04
2.195999999999999981e-04
2.084699999999999878e-04
2.243699999999999948e-04
2.195999999999999981e-04
2.577599999999999987e-04
2.593499999999999885e-04
2.545800000000000190e-04
2.482200000000000053e-04
2.863799999999999788e-04
3.150000000000000131e-04
3.706499999999999834e-04
3.833700000000000107e-04
3.468000000000000271e-04
3.436199999999999932e-04
6.139300000000000529e-04
1.470900000000000029e-03
3.094400000000000189e-03
5.468299999999999723e-03
8.174499999999999475e-03
1.073299999999999949e-02
1.242000000000000048e-02
1.280799999999999994e-02
1.177300000000000048e-02
9.739100000000000534e-03
7.279299999999999833e-03
5.126399999999999707e-03
3.565000000000000027e-03
2.649199999999999992e-03
2.235700000000000187e-03
1.995699999999999991e-03
1.738100000000000018e-03
1.375499999999999987e-03
1.016200000000000089e-03
7.490799999999999499e-04
5.550900000000000539e-04
4.771800000000000087e-04
4.739999999999999747e-04
4.485599999999999744e-04
3.690599999999999935e-04
2.498099999999999952e-04
1.893900000000000011e-04
1.289700000000000069e-04
1.559999999999999972e-04
1.512300000000000005e-04
1.512300000000000005e-04
1.353299999999999935e-04
8.762799999999999517e-05
8.603800000000000532e-05
9.875800000000000550e-05
8.921799999999999859e-05
9.398799999999999527e-05
8.762799999999999517e-05
7.649799999999999840e-05
5.264800000000000144e-05
6.377799999999999821e-05
7.013799999999999831e-05
5.900800000000000153e-05
3.515799999999999779e-05
5.264800000000000144e-05
4.787799999999999798e-05
4.946800000000000139e-05
5.582800000000000148e-05
5.105799999999999803e-05
2.879800000000000109e-05
3.515799999999999779e-05
2.879800000000000109e-05
4.469799999999999793e-05
3.038800000000000111e-05
4.151799999999999789e-05
4.469799999999999793e-05
