3.118199999999999791e-04
2.911500000000000025e-04
2.752499999999999955e-04
2.816100000000000092e-04
2.736600000000000057e-04
2.482200000000000053e-04
2.227800000000000049e-04
2.005200000000000114e-04
2.084699999999999878e-04
1.846200000000000044e-04
1.862099999999999942e-04
1.655399999999999905e-04
1.496400000000000106e-04
1.242000000000000103e-04
1.114799999999999965e-04
9.398799999999999527e-05
1.114799999999999965e-04
1.098900000000000067e-04
1.098900000000000067e-04
1.051199999999999964e-04
1.067099999999999998e-04
8.921799999999999859e-05
9.557799999999999868e-05
1.194300000000000000e-04
1.305599999999999968e-04
1.448699999999999868e-04
1.353299999999999935e-04
1.464600000000000038e-04
1.496400000000000106e-04
1.607699999999999939e-04
1.782599999999999907e-04
1.862099999999999942e-04
1.973400000000000046e-04
1.846200000000000044e-04
1.893900000000000011e-04
1.957499999999999876e-04
2.259600000000000118e-04
2.434500000000000086e-04
2.545800000000000190e-04
2.323199999999999983e-04
2.259600000000000118e-04
2.164199999999999913e-04
2.418599999999999917e-04
2.418599999999999917e-04
2.688899999999999819e-04
2.450400000000000256e-04
2.052900000000000081e-04
1.909799999999999909e-04
1.925700000000000079e-04
1.989299999999999944e-04
2.180100000000000083e-04
2.052900000000000081e-04
1.893900000000000011e-04
1.623600000000000108e-04
1.496400000000000106e-04
1.798500000000000077e-04
1.957499999999999876e-04
2.402700000000000018e-04
2.386800000000000119e-04
2.561700000000000088e-04
2.720700000000000158e-04
3.261299999999999963e-04
4.660500000000000254e-04
5.964300000000000070e-04
7.427199999999999904e-04
9.144399999999999794e-04
1.243600000000000087e-03
1.927300000000000063e-03
3.221599999999999811e-03
5.167699999999999898e-03
7.589300000000000213e-03
1.003300000000000025e-02
1.179299999999999966e-02
1.240899999999999989e-02
1.162299999999999965e-02
9.691399999999999321e-03
7.126600000000000296e-03
4.545999999999999694e-03
2.420199999999999955e-03
1.098900000000000094e-03
5.217000000000000500e-04
4.453799999999999946e-04
5.280600000000000094e-04
5.598600000000000234e-04
4.803599999999999884e-04
3.452099999999999830e-04
2.068799999999999979e-04
1.194300000000000000e-04
9.557799999999999868e-05
1.480499999999999937e-04
1.639500000000000007e-04
1.623600000000000108e-04
1.178399999999999966e-04
9.398799999999999527e-05
5.264800000000000144e-05
6.536800000000000162e-05
9.080800000000000200e-05
8.603800000000000532e-05
8.921799999999999859e-05
5.423799999999999807e-05
6.377799999999999821e-05
4.310800000000000130e-05
5.264800000000000144e-05
5.423799999999999807e-05
6.059799999999999817e-05
4.946800000000000139e-05
4.469799999999999793e-05
4.151799999999999789e-05
4.469799999999999793e-05
4.469799999999999793e-05
